開心農場相關資料
1.人物升級經驗值(先開放到20級好了)
    level           exp.
    1               15
    2               34
    3               57
    4               92
    5               135
    6               372
    7               560
    8               840
    9               1242
    10              1242
    11              1242
    12              1242
    13              1242
    14              1242
    15              1490
    16              1788
    17              2415
    18              2574
    19              3088
    20              3705
2.作物種類
3.作物採收經驗值
4.作物購買金錢
